
Status: PASSED!
Check: 1
Test: .299, .157, .242, .203, .198, .333, .270, .190
Reason: None
Timestamp: 2024-10-02 03:35:57.448022

Status: PASSED!
Check: 2
Test: .268, .186, .311, .245, .212, .294, .256, .201
Reason: None
Timestamp: 2024-10-02 03:35:57.450967

Status: PASSED!
Check: 3
Test: .321, .175, .239, .281, .229, .303, .278, .215
Reason: None
Timestamp: 2024-10-02 03:35:57.453680
